alphaG = 0.01
anisotropy = [     0. -54000.      0.] [Oe]
H_shape = [0. 0. 0.] [Oe]
dH = 100 [Oe]
da = 1e-10 [s]
m0 = [0. 0. 1.]

best episode = 62
switting time = 3.353171305450357e-10 [s]
average reward = 0.7703718459384195