dt = 5e-13
alphaG = 0.1
anisotropy = [  0.   0. 540.]
dH = 100
da = 1e-10
m0 = [0. 0. 1.]

switting time = 9.037721223321695e-10
average reward = 0.40804724008642124