alphaG = 0.01
anisotropy = [     0. -10000.      0.] [Oe]
H_shape = [0. 0. 0.] [Oe]
dH = 100 [Oe]
da = 1e-10 [s]
m0 = [0. 0. 1.]

best episode = 417
switting time = 2.021179258980208e-10 [s]
average reward = 0.706293088432406