dt = 5e-13
alphaG = 0.01
anisotropy = [  0.   0. 540.]
dH = 33.333333333333336
da = 1e-10
m0 = [0. 0. 1.]

episode = 4595
switting time = 1.1059881667300483e-09
average reward = 0.24266814062959546