alphaG = 0.01
anisotropy = [      0. -100000.     100.] [Oe]
H_shape = [0. 0. 0.] [Oe]
dH = 10 [Oe]
da = 1e-11 [s]
m0 = [0. 0. 1.]

best episode = 553
switting time = 2.3443166700735823e-10 [s]
average reward = 0.7193878245331194