alphaG = 0.01
anisotropy = [  0.   0. 150.] [Oe]
H_shape = [0. 0. 0.] [Oe]
dH = 100 [Oe]
da = 1e-10 [s]
m0 = [0. 0. 1.]

best episode = 352
switting time = 5.810045604635333e-10 [s]
time limit = 2e-09 [s]
slope = -6596264705.414023
segment = 2.8324598758701924
average reward = 0.6393430299357534