dt = 5e-13
alphaG = 0
anisotropy = [   0.    0. 5400.]
dH = 100
da = 1e-11
m0 = [0. 0. 1.]

switting time = 6.819104710543355e-10
average reward = 0.45498158194225197