dt = 5e-13
alphaG = 0.01
anisotropy = [  0.   0. 540.]
dH = 100
da = 1e-10
m0 = [0. 0. 1.]

episode = 173
switting time = 8.343125619050281e-10
average reward = 0.4784111471660646