dt = 5e-13
alphaG = 0.1
anisotropy = [  0.   0. 540.]
dH = 1000
da = 1e-10
m0 = [0. 0. 1.]

switting time = 2.1102035199232842e-10
average reward = 0.8654737317376029