alphaG = 0.01
anisotropy = [   0.    0. 1000.] [Oe]
H_shape = [0. 0. 0.] [Oe]
dH = 1000 [Oe]
da = 1e-10 [s]
m0 = [0. 0. 1.]

best episode = 36
switting time = 2.2489373498566584e-10 [s]
average reward = 0.8828784576423327