dt = 5e-13
alphaG = 0.01
anisotropy = [  0.   0. 540.]
dH = 100
da = 1e-10
m0 = [0. 0. 1.]

switting time = 5.784163267020152e-10
average reward = 0.6346006987063132