alphaG = 0.01
anisotropy = [      0. -100000.     100.] [Oe]
H_shape = [0. 0. 0.] [Oe]
dH = 100 [Oe]
da = 1e-10 [s]
m0 = [0. 0. 1.]

best episode = 55
switting time = 2.949951103004095e-10 [s]
average reward = 0.8902884320021691