alphaG = 0.01
anisotropy = [  0.   0. 100.] [Oe]
H_shape = [0. 0. 0.] [Oe]
dH = 200 [Oe]
da = 1e-10 [s]
m0 = [0. 0. 1.]

best episode = 314
switting time = 3.9463337677536074e-10 [s]
average reward = 0.7948357293892061