alphaG = 0.01
anisotropy = [     0. -10000.    100.] [Oe]
H_shape = [0. 0. 0.] [Oe]
dH = 100 [Oe]
da = 1e-11 [s]
m0 = [0. 0. 1.]

best episode = 1664
switting time = 9.152893082054269e-11 [s]
time limit = 2e-09 [s]
slope = -47704418584.756805
segment = 3.3663344284784165
average reward = 0.9318060787100144