t_pulse = 2.5e-10 [s]
alphaG = 0.008
H_pulse = [80.  0.  0.] [Oe]
anisotropy = [0. 0. 0.] [Oe]
H_shape = [  150.79644737 12315.04320207   100.53096491] [Oe]