dt = 5e-13
alphaG = 0
anisotropy = [  0.   0. 540.]
dH = 100
da = 1e-10
m0 = [0. 0. 1.]

switting time = 8.220440821658928e-10
average reward = 0.4877051156896702