alphaG = 0.01
anisotropy = [  0.   0. 100.] [Oe]
H_shape = [0. 0. 0.] [Oe]
dH = 100 [Oe]
da = 1e-10 [s]
m0 = [0. 0. 1.]

best episode = 236
switting time = 5.729937256396328e-10 [s]
average reward = 0.6067338920769914