dt = 1e-12
alphaG = 0.008
anisotropy = [0. 0. 0.]
H_shape = [  150.79644737 12315.04320207   100.53096491]
dH = 80
da = 1e-11
m0 = [0. 0. 1.]

best episode = 287
switting time = 9.205739663575935e-11
average reward = 0.8552490658899896