alphaG = 0.008
anisotropy = [0. 0. 0.] [Oe]
H_shape = [  129.6 10584.     86.4] [Oe]
dH = 80 [Oe]
da = 1e-11 [s]
m0 = [0. 0. 1.]

best episode = 370
switting time = 9.601284513518676e-11 [s]
average reward = 0.8546451543261903