alphaG = 0.01
anisotropy = [     0. -10000.    100.] [Oe]
H_shape = [0. 0. 0.] [Oe]
dH = 10 [Oe]
da = 1e-11 [s]
m0 = [0. 0. 1.]

best episode = 1948
switting time = 2.363758939911112e-10 [s]
average reward = 0.8287531282101037