dt = 5e-13
alphaG = 0.01
anisotropy = [  0.   0. 540.]
dH = 100
da = 1e-10
m0 = [0. 0. 1.]

episode = 895
switting time = 6.526119058225704e-10
average reward = 0.5747239889852176