alphaG = 0.008
anisotropy = [0. 0. 0.] [Oe]
H_shape = [  150.79644737 12315.04320207   100.53096491] [Oe]
dH = 100 [Oe]
da = 1e-10 [s]
m0 = [0. 0. 1.]

best episode = 119
switting time = 2.0685734120233748e-10 [s]
average reward = 0.6566023696168205