alphaG = 0.008
anisotropy = [0. 0. 0.] [Oe]
H_shape = [  129.6 10584.     86.4] [Oe]
dH = 100 [Oe]
da = 1e-10 [s]
m0 = [0. 0. 1.]

best episode = 166
switting time = 2.141938212726699e-10 [s]
average reward = 0.7045258660268013