alphaG = 0.01
anisotropy = [  0.   0. 100.] [Oe]
H_shape = [0. 0. 0.] [Oe]
dH = 100 [Oe]
da = 1e-10 [s]
m0 = [0. 0. 1.]

best episode = 4872
switting time = 4.913769055767491e-10 [s]
average reward = 0.6848699662284103