alphaG = 0.01
anisotropy = [  0.   0. 540.] [Oe]
H_shape = [0. 0. 0.] [Oe]
dH = 100 [Oe]
da = 1e-10 [s]
m0 = [0. 0. 1.]

best episode = 173
switting time = 8.344309731579306e-10 [s]
average reward = 0.4740535130136774